
ans =

   6.1508e+05


ans =

   6.1508e+05


ans =

   6.1508e+05


ans =

   6.1508e+05


ans =

   6.1508e+05


ans =

   6.1508e+05


ans =

   6.1508e+05


ans =

   6.1508e+05


ans =

   6.1508e+05


ans =

   6.1508e+05


ans =

   6.1508e+05


ans =

   6.1508e+05


ans =

   6.1508e+05


ans =

   6.1508e+05


ans =

   6.1508e+05


ans =

   6.1508e+05


ans =

   6.1508e+05


ans =

   6.1508e+05


ans =

   6.1508e+05


ans =

   6.1508e+05


ans =

   6.1508e+05


ans =

   6.1508e+05


ans =

   6.1508e+05


ans =

   6.1508e+05


ans =

   6.1508e+05


ans =

   6.1508e+05


ans =

   6.1508e+05


ans =

   6.1508e+05


ans =

   6.1508e+05


ans =

   6.1508e+05


ans =

   6.1508e+05


ans =

   6.1508e+05


ans =

   6.1508e+05


ans =

   6.1508e+05


ans =

   6.1508e+05


ans =

   6.1508e+05


ans =

   6.1508e+05


ans =

   6.1508e+05


ans =

   6.1508e+05


ans =

   6.1508e+05


ans =

   6.1508e+05


ans =

   6.1508e+05


ans =

   6.1508e+05


ans =

   6.1508e+05


ans =

   6.1508e+05


ans =

   6.1508e+05


ans =

   6.1508e+05


ans =

   6.1508e+05


ans =

   6.1508e+05


ans =

   6.1508e+05


ans =

   6.1508e+05


ans =

   6.1508e+05


ans =

   6.1508e+05


ans =

   6.1508e+05


ans =

   6.1508e+05


ans =

   6.1508e+05


ans =

   6.1508e+05


ans =

   6.1508e+05


ans =

   6.1508e+05


ans =

   6.1508e+05


ans =

   6.1508e+05


ans =

   6.1508e+05


ans =

   6.1508e+05


ans =

   6.1508e+05


ans =

   6.1508e+05


ans =

   6.1508e+05


ans =

   6.1508e+05


ans =

   6.1508e+05


ans =

   6.1508e+05


ans =

   6.1508e+05


ans =

   6.1508e+05


ans =

   6.1508e+05


ans =

   6.1508e+05


ans =

   6.1508e+05


ans =

   6.1508e+05


ans =

   6.1508e+05


ans =

   6.1508e+05


ans =

   6.1508e+05


ans =

   6.1508e+05


ans =

   6.1508e+05


ans =

   6.1508e+05


ans =

   6.1508e+05


ans =

   6.1508e+05


ans =

   6.1508e+05


ans =

   6.1508e+05


ans =

   6.1508e+05


ans =

   6.1508e+05


ans =

   6.1508e+05


ans =

   6.1508e+05


ans =

   6.1508e+05


ans =

   6.1508e+05


ans =

   6.1508e+05


ans =

   6.1508e+05


ans =

   6.1508e+05


ans =

   6.1508e+05


ans =

   6.1508e+05


ans =

   6.1508e+05


ans =

   6.1508e+05


ans =

   6.1508e+05


ans =

   6.1508e+05


ans =

   6.1508e+05


ans =

   6.1508e+05


ans =

   6.1508e+05


ans =

   6.1508e+05


ans =

   6.1508e+05


ans =

   6.1508e+05


ans =

   6.1508e+05


ans =

   6.1508e+05


ans =

   6.1508e+05


ans =

   6.1508e+05


ans =

   6.1508e+05


ans =

   6.1508e+05


ans =

   6.1508e+05


ans =

   6.1508e+05


ans =

   6.1508e+05


ans =

   6.1508e+05


ans =

   6.1508e+05


ans =

   6.1508e+05


ans =

   6.1508e+05


ans =

   6.1508e+05


ans =

   6.1508e+05


ans =

   6.1508e+05


ans =

   6.1508e+05


ans =

   6.1508e+05


ans =

   6.1508e+05


ans =

   6.1508e+05


ans =

   6.1508e+05


ans =

   6.1508e+05


ans =

   6.1508e+05


ans =

   6.1508e+05


ans =

   6.1508e+05


ans =

   6.1508e+05


ans =

   6.1508e+05


ans =

   6.1508e+05


ans =

   6.1508e+05


ans =

   6.1508e+05


ans =

   6.1508e+05


ans =

   6.1508e+05


ans =

   6.1508e+05


ans =

   6.1508e+05


ans =

   6.1508e+05


ans =

   6.1508e+05


ans =

   6.1508e+05


ans =

   6.1508e+05


ans =

   6.1508e+05


ans =

   6.1508e+05


ans =

   6.1508e+05


ans =

   6.1508e+05


ans =

   6.1508e+05


ans =

   6.1508e+05


ans =

   6.1508e+05


ans =

   6.1508e+05


ans =

   6.1509e+05


ans =

   6.1509e+05


ans =

   6.1509e+05


ans =

   6.1509e+05


ans =

   6.1509e+05


ans =

   6.1509e+05


ans =

   6.1509e+05


ans =

   6.1509e+05


ans =

   6.1509e+05


ans =

   6.1509e+05


ans =

   6.1509e+05


ans =

   6.1509e+05


ans =

   6.1509e+05


ans =

   6.1509e+05


ans =

   6.1509e+05


ans =

   6.1509e+05


ans =

   6.1509e+05


ans =

   6.1509e+05


ans =

   6.1509e+05


ans =

   6.1509e+05


ans =

   6.1509e+05


ans =

   6.1509e+05


ans =

   6.1509e+05


ans =

   6.1509e+05


ans =

   6.1509e+05


ans =

   6.1509e+05


ans =

   6.1509e+05


ans =

   6.1509e+05


ans =

   6.1509e+05


ans =

   6.1509e+05


ans =

   6.1509e+05


ans =

   6.1509e+05


ans =

   6.1509e+05


ans =

   6.1509e+05


ans =

   6.1509e+05


ans =

   6.1509e+05


ans =

   6.1509e+05


ans =

   6.1509e+05


ans =

   6.1509e+05


ans =

   6.1509e+05


ans =

   6.1509e+05


ans =

   6.1509e+05


ans =

   6.1509e+05


ans =

   6.1509e+05


ans =

   6.1509e+05


ans =

   6.1509e+05


ans =

   6.1509e+05


ans =

   6.1509e+05


ans =

   6.1509e+05


ans =

   6.1509e+05


ans =

   6.1509e+05


ans =

   6.1509e+05


ans =

   6.1509e+05


ans =

   6.1509e+05


ans =

   6.1509e+05


ans =

   6.1509e+05


ans =

   6.1509e+05


ans =

   6.1509e+05


ans =

   6.1509e+05


ans =

   6.1509e+05


ans =

   6.1509e+05


ans =

   6.1509e+05


ans =

   6.1509e+05


ans =

   6.1509e+05


ans =

   6.1509e+05


ans =

   6.1509e+05


ans =

   6.1509e+05


ans =

   6.1509e+05


ans =

   6.1509e+05


ans =

   6.1509e+05


ans =

   6.1509e+05


ans =

   6.1509e+05


ans =

   6.1509e+05


ans =

   6.1509e+05


ans =

   6.1509e+05


ans =

   6.1509e+05


ans =

   6.1509e+05


ans =

   6.1509e+05


ans =

   6.1509e+05


ans =

   6.1509e+05


ans =

   6.1509e+05


ans =

   6.1509e+05


ans =

   6.1509e+05


ans =

   6.1509e+05


ans =

   6.1509e+05


ans =

   6.1509e+05


ans =

   6.1509e+05


ans =

   6.1509e+05


ans =

   6.1509e+05


ans =

   6.1509e+05


ans =

   6.1509e+05


ans =

   6.1509e+05


ans =

   6.1509e+05


ans =

   6.1509e+05


ans =

   6.1509e+05


ans =

   6.1509e+05


ans =

   6.1509e+05


ans =

   6.1509e+05


ans =

   6.1509e+05


ans =

   6.1509e+05


ans =

   6.1509e+05


ans =

   6.1509e+05


ans =

   6.1509e+05


ans =

   6.1509e+05


ans =

   6.1509e+05


ans =

   6.1509e+05


ans =

   6.1509e+05


ans =

   6.1509e+05


ans =

   6.1509e+05


ans =

   6.1509e+05


ans =

   6.1509e+05


ans =

   6.1509e+05


ans =

   6.1509e+05


ans =

   6.1509e+05


ans =

   6.1509e+05


ans =

   6.1509e+05


ans =

   6.1509e+05


ans =

   6.1509e+05


ans =

   6.1509e+05


ans =

   6.1509e+05


ans =

   6.1509e+05


ans =

   6.1509e+05


ans =

   6.1509e+05


ans =

   6.1509e+05


ans =

   6.1509e+05


ans =

   6.1509e+05


ans =

   6.1509e+05


ans =

   6.1509e+05


ans =

   6.1509e+05


ans =

   6.1509e+05


ans =

   6.1509e+05


ans =

   6.1509e+05


ans =

   6.1509e+05


ans =

   6.1509e+05


ans =

   6.1509e+05


ans =

   6.1509e+05


ans =

   6.1509e+05


ans =

   6.1509e+05


ans =

   6.1509e+05


ans =

   6.1509e+05


ans =

   6.1510e+05


ans =

   6.1510e+05


ans =

   6.1510e+05


ans =

   6.1510e+05


ans =

   6.1510e+05


ans =

   6.1510e+05


ans =

   6.1510e+05


ans =

   6.1510e+05


ans =

   6.1510e+05


ans =

   6.1510e+05


ans =

   6.1510e+05


ans =

   6.1510e+05


ans =

   6.1510e+05


ans =

   6.1510e+05


ans =

   6.1510e+05


ans =

   6.1510e+05


ans =

   6.1510e+05


ans =

   6.1510e+05


ans =

   6.1510e+05


ans =

   6.1510e+05


ans =

   6.1510e+05


ans =

   6.1510e+05


ans =

   6.1510e+05


ans =

   6.1510e+05


ans =

   6.1510e+05


ans =

   6.1510e+05


ans =

   6.1510e+05


ans =

   6.1510e+05


ans =

   6.1510e+05


ans =

   6.1510e+05


ans =

   6.1510e+05


ans =

   6.1510e+05


ans =

   6.1510e+05


ans =

   6.1510e+05


ans =

   6.1510e+05


ans =

   6.1510e+05


ans =

   6.1510e+05


ans =

   6.1510e+05


ans =

   6.1510e+05


ans =

   6.1510e+05


ans =

   6.1510e+05


ans =

   6.1510e+05


ans =

   6.1510e+05


ans =

   6.1510e+05


ans =

   6.1510e+05


ans =

   6.1510e+05


ans =

   6.1510e+05


ans =

   6.1510e+05


ans =

   6.1510e+05


ans =

   6.1510e+05


ans =

   6.1510e+05


ans =

   6.1510e+05


ans =

   6.1510e+05


ans =

   6.1513e+05


ans =

   6.1513e+05


